1	2	2	
0	0	-0.125	0	0	1.125
0	0	-0.125	0	0.125	1
0	0	-0.125	0	0.875	0
0	0	-0.125	1	0	-0.125
0	0	-0.125	1	0.125	0
0	0	1.125	0	0.125	0
0	0	1.125	0	0.125	2
0	0	1.125	0	0.875	1
0	0	1.125	1	0	1.125
0	0	1.125	1	0.125	1
0	0	1.875	0	0.125	1
0	0	1.875	0	0.875	2
0	0	1.875	1	0	1.875
0	0	1.875	1	0.125	2
0	0.125	0	0	1	-0.125
0	0.125	0	1	0	-0.125
0	0.125	0	1	0.125	0
0	0.125	1	0	1	1.125
0	0.125	1	1	0	1.125
0	0.125	1	1	0.125	1
0	0.125	2	0	1	1.875
0	0.125	2	1	0	1.875
0	0.125	2	1	0.125	2
0	0.875	0	0	1	1.125
0	0.875	0	0	2	-0.125
0	0.875	0	0	2.125	0
0	0.875	0	1	0.875	0
0	0.875	0	1	1	-0.125
0	0.875	1	0	1	-0.125
0	0.875	1	0	1	1.875
0	0.875	1	0	2	1.125
0	0.875	1	0	2.125	1
0	0.875	1	1	0.875	1
0	0.875	1	1	1	1.125
0	0.875	2	0	1	1.125
0	0.875	2	0	2	1.875
0	0.875	2	0	2.125	2
0	0.875	2	1	0.875	2
0	0.875	2	1	1	1.875
0	1	-0.125	0	1	1.125
0	1	-0.125	0	2.125	0
0	1	-0.125	1	0.875	0
0	1	-0.125	1	1	-0.125
0	1	1.125	0	2.125	1
0	1	1.125	1	0.875	1
0	1	1.125	1	1	1.125
0	1	1.875	0	2.125	2
0	1	1.875	1	0.875	2
0	1	1.875	1	1	1.875
0	2	-0.125	0	2	1.125
0	2	-0.125	0	2.125	1
0	2	-0.125	1	2	-0.125
0	2	-0.125	1	2.125	0
0	2	1.125	0	2.125	0
0	2	1.125	0	2.125	2
0	2	1.125	1	2	1.125
0	2	1.125	1	2.125	1
0	2	1.875	0	2.125	1
0	2	1.875	1	2	1.875
0	2	1.875	1	2.125	2
0	2.125	0	1	2	-0.125
0	2.125	0	1	2.125	0
0	2.125	1	1	2	1.125
0	2.125	1	1	2.125	1
0	2.125	2	1	2	1.875
0	2.125	2	1	2.125	2
1	0	-0.125	1	0	1.125
1	0	-0.125	1	0.125	1
1	0	-0.125	1	0.875	0
1	0	1.125	1	0.125	0
1	0	1.125	1	0.125	2
1	0	1.125	1	0.875	1
1	0	1.875	1	0.125	1
1	0	1.875	1	0.875	2
1	0.125	0	1	1	-0.125
1	0.125	1	1	1	1.125
1	0.125	2	1	1	1.875
1	0.875	0	1	1	1.125
1	0.875	0	1	2	-0.125
1	0.875	0	1	2.125	0
1	0.875	1	1	1	-0.125
1	0.875	1	1	1	1.875
1	0.875	1	1	2	1.125
1	0.875	1	1	2.125	1
1	0.875	2	1	1	1.125
1	0.875	2	1	2	1.875
1	0.875	2	1	2.125	2
1	1	-0.125	1	1	1.125
1	1	-0.125	1	2.125	0
1	1	1.125	1	2.125	1
1	1	1.875	1	2.125	2
1	2	-0.125	1	2	1.125
1	2	-0.125	1	2.125	1
1	2	1.125	1	2.125	0
1	2	1.125	1	2.125	2
1	2	1.875	1	2.125	1
