-3.75      3.8673           0
-3.6      3.3664           0
-3.45      2.9333           0
-3.3      2.5586           0
-3.15      2.2341           0
-3      1.9528           0
-2.85      1.7088           0
-2.7      1.4969           0
-2.55      1.3127           0
-2.4      1.1523           0
-2.25      1.0125           0
-2.1     0.89037           0
-1.95     0.78363           0
-1.8     0.69015           0
-1.65     0.60818           0
-1.5      0.5362           0
-1.35     0.47292           0
-1.2     0.41726           0
-1.05     0.36829           0
-0.9     0.32527           0
-0.75     0.28755           0
-0.6     0.25462           0
-0.45     0.22607           0
-0.3     0.20161           0
-0.15     0.18102           0
0     0.16417           0
0.15     0.15102           0
0.3     0.14161           0
0.45     0.13607           0
0.6     0.13462           0
0.75     0.13755           0
0.9     0.14527           0
1.05     0.15829           0
1.2     0.17726           0
1.35     0.20292           0
1.5      0.2362           0
1.65     0.27818           0
1.8     0.33015           0
1.95     0.39363           0
2.1     0.47037           0
2.25     0.56245           0
2.4     0.67228           0
2.55     0.80268           0
2.7     0.95692           0
2.85      1.1388           0
3      1.3528           0
3.15      1.6041           0
3.3      1.8986           0
3.45      2.2433           0
3.6      2.6464           0
3.75      3.1173           0
-3.675      3.8782       0.075
-3.525       3.379       0.075
-3.375      2.9477       0.075
-3.225       2.575       0.075
-3.075      2.2527       0.075
-2.925       1.974       0.075
-2.775      1.7326       0.075
-2.625      1.5235       0.075
-2.475      1.3422       0.075
-2.325      1.1848       0.075
-2.175      1.0481       0.075
-2.025       0.929       0.075
-1.875     0.82522       0.075
-1.725      0.7346       0.075
-1.575     0.65535       0.075
-1.425     0.58593       0.075
-1.275     0.52506       0.075
-1.125     0.47165       0.075
-0.975     0.42479       0.075
-0.825     0.38373       0.075
-0.675     0.34786       0.075
-0.525     0.31668       0.075
-0.375     0.28983       0.075
-0.225     0.26701       0.075
-0.075     0.24806       0.075
0.075     0.23288       0.075
0.225     0.22146       0.075
0.375     0.21389       0.075
0.525     0.21034       0.075
0.675     0.21109       0.075
0.825      0.2165       0.075
0.975     0.22705       0.075
1.125     0.24336       0.075
1.275     0.26615       0.075
1.425     0.29635       0.075
1.575     0.33504       0.075
1.725      0.3835       0.075
1.875     0.44328       0.075
2.025     0.51618       0.075
2.175     0.60434       0.075
2.325     0.71024       0.075
2.475     0.83677       0.075
2.625     0.98728       0.075
2.775      1.1657       0.075
2.925      1.3764       0.075
3.075      1.6247       0.075
3.225      1.9165       0.075
3.375      2.2589       0.075
3.525      2.6598       0.075
3.675      3.1289       0.075
-3.675      4.4754       0.225
-3.525      3.9002       0.225
-3.375      3.4043       0.225
-3.225      2.9767       0.225
-3.075      2.6082       0.225
-2.925      2.2905       0.225
-2.775      2.0168       0.225
-2.625       1.781       0.225
-2.475      1.5777       0.225
-2.325      1.4026       0.225
-2.175      1.2515       0.225
-2.025       1.121       0.225
-1.875      1.0082       0.225
-1.725     0.91048       0.225
-1.575     0.82567       0.225
-1.425     0.75192       0.225
-1.275     0.68766       0.225
-1.125      0.6316       0.225
-0.975     0.58265       0.225
-0.825     0.53995       0.225
-0.675     0.50278       0.225
-0.525     0.47058       0.225
-0.375      0.4429       0.225
-0.225     0.41944       0.225
-0.075     0.39998       0.225
0.075     0.38441       0.225
0.225     0.37272       0.225
0.375     0.36499       0.225
0.525     0.36141       0.225
0.675     0.36228       0.225
0.825     0.36799       0.225
0.975     0.37909       0.225
1.125     0.39626       0.225
1.275     0.42036       0.225
1.425     0.45245       0.225
1.575     0.49383       0.225
1.725     0.54607       0.225
1.875     0.61105       0.225
2.025     0.69104       0.225
2.175     0.78866       0.225
2.325     0.90702       0.225
2.475      1.0496       0.225
2.625      1.2206       0.225
2.775      1.4244       0.225
2.925      1.6665       0.225
3.075      1.9528       0.225
3.225      2.2902       0.225
3.375      2.6869       0.225
3.525      3.1522       0.225
3.675       3.697       0.225
-3.525      4.4946       0.375
-3.375      3.9223       0.375
-3.225      3.4298       0.375
-3.075       3.006       0.375
-2.925      2.6418       0.375
-2.775       2.329       0.375
-2.625      2.0606       0.375
-2.475      1.8305       0.375
-2.325      1.6334       0.375
-2.175      1.4647       0.375
-2.025      1.3202       0.375
-1.875      1.1964       0.375
-1.725      1.0901       0.375
-1.575     0.99866       0.375
-1.425     0.91979       0.375
-1.275     0.85158       0.375
-1.125     0.79247       0.375
-0.975     0.74117       0.375
-0.825     0.69664       0.375
-0.675     0.65804       0.375
-0.525      0.6247       0.375
-0.375     0.59614       0.375
-0.225     0.57198       0.375
-0.075     0.55198       0.375
0.075       0.536       0.375
0.225     0.52402       0.375
0.375     0.51613       0.375
0.525     0.51252       0.375
0.675     0.51351       0.375
0.825     0.51956       0.375
0.975     0.53126       0.375
1.125     0.54941       0.375
1.275       0.575       0.375
1.425      0.6093       0.375
1.575     0.65387       0.375
1.725     0.71066       0.375
1.875     0.78204       0.375
2.025     0.87083       0.375
2.175     0.98037       0.375
2.325      1.1144       0.375
2.475      1.2773       0.375
2.625      1.4738       0.375
2.775      1.7093       0.375
2.925      1.9897       0.375
3.075       2.322       0.375
3.225      2.7143       0.375
3.375      3.1757       0.375
3.525      3.7172       0.375
3.675      4.3512       0.375
-3.375      4.5139       0.525
-3.225      3.9446       0.525
-3.075      3.4555       0.525
-2.925      3.0357       0.525
-2.775      2.6759       0.525
-2.625      2.3681       0.525
-2.475      2.1052       0.525
-2.325      1.8812       0.525
-2.175      1.6907       0.525
-2.025      1.5289       0.525
-1.875      1.3914       0.525
-1.725      1.2745       0.525
-1.575       1.175       0.525
-1.425        1.09       0.525
-1.275      1.0171       0.525
-1.125     0.95447       0.525
-0.975     0.90047       0.525
-0.825     0.85387       0.525
-0.675     0.81367       0.525
-0.525     0.77909       0.525
-0.375     0.74956       0.525
-0.225     0.72465       0.525
-0.075     0.70406       0.525
0.075     0.68765       0.525
0.225     0.67537       0.525
0.375      0.6673       0.525
0.525     0.66367       0.525
0.675     0.66481       0.525
0.825     0.67123       0.525
0.975     0.68361       0.525
1.125     0.70287       0.525
1.275     0.73019       0.525
1.425     0.76708       0.525
1.575     0.81551       0.525
1.725     0.87791       0.525
1.875     0.95731       0.525
2.025      1.0573       0.525
2.175      1.1821       0.525
2.325      1.3362       0.525
2.475      1.5247       0.525
2.625      1.7531       0.525
2.775      2.0273       0.525
2.925      2.3543       0.525
3.075      2.7419       0.525
3.225      3.1994       0.525
3.375      3.7375       0.525
3.525      4.3686       0.525
-3.225      4.5333       0.675
-3.075       3.967       0.675
-2.925      3.4814       0.675
-2.775      3.0656       0.675
-2.625      2.7105       0.675
-2.475      2.4079       0.675
-2.325      2.1509       0.675
-2.175      1.9334       0.675
-2.025      1.7498       0.675
-1.875      1.5953       0.675
-1.725      1.4652       0.675
-1.575      1.3557       0.675
-1.425      1.2631       0.675
-1.275      1.1847       0.675
-1.125      1.1178       0.675
-0.975      1.0607       0.675
-0.825      1.0117       0.675
-0.675     0.96973       0.675
-0.525     0.93378       0.675
-0.375      0.9032       0.675
-0.225     0.87746       0.675
-0.075     0.85625       0.675
0.075     0.83937       0.675
0.225     0.82676       0.675
0.375     0.81852       0.675
0.525     0.81486       0.675
0.675     0.81616       0.675
0.825       0.823       0.675
0.975     0.83616       0.675
1.125      0.8567       0.675
1.275     0.88604       0.675
1.425     0.92607       0.675
1.575     0.97925       0.675
1.725      1.0487       0.675
1.875      1.1385       0.675
2.025      1.2531       0.675
2.175      1.3976       0.675
2.325      1.5773       0.675
2.475       1.798       0.675
2.625      2.0656       0.675
2.775       2.387       0.675
2.925      2.7699       0.675
3.075      3.2233       0.675
3.225      3.7579       0.675
3.375      4.3861       0.675
-3.075      4.5527       0.825
-2.925      3.9896       0.825
-2.775      3.5076       0.825
-2.625       3.096       0.825
-2.475      2.7456       0.825
-2.325      2.4485       0.825
-2.175      2.1977       0.825
-2.025      1.9871       0.825
-1.875       1.811       0.825
-1.725      1.6643       0.825
-1.575      1.5421       0.825
-1.425      1.4401       0.825
-1.275      1.3548       0.825
-1.125      1.2829       0.825
-0.975       1.222       0.825
-0.825      1.1703       0.825
-0.675      1.1263       0.825
-0.525      1.0888       0.825
-0.375      1.0571       0.825
-0.225      1.0304       0.825
-0.075      1.0085       0.825
0.075     0.99116       0.825
0.225     0.97821       0.825
0.375     0.96977       0.825
0.525     0.96609       0.825
0.675     0.96759       0.825
0.825      0.9749       0.825
0.975     0.98895       0.825
1.125       1.011       0.825
1.275      1.0428       0.825
1.425      1.0866       0.825
1.575      1.1459       0.825
1.725      1.2246       0.825
1.875       1.328       0.825
2.025      1.4618       0.825
2.175      1.6319       0.825
2.325      1.8442       0.825
2.475      2.1048       0.825
2.625      2.4202       0.825
2.775      2.7981       0.825
2.925      3.2474       0.825
3.075      3.7785       0.825
3.225      4.4037       0.825
-2.925      4.5723       0.975
-2.775      4.0123       0.975
-2.625       3.534       0.975
-2.475      3.1267       0.975
-2.325      2.7813       0.975
-2.175        2.49       0.975
-2.025      2.2458       0.975
-1.875      2.0426       0.975
-1.725      1.8745       0.975
-1.575      1.7361       0.975
-1.425      1.6222       0.975
-1.275      1.5282       0.975
-1.125      1.4501       0.975
-0.975      1.3848       0.975
-0.825      1.3299       0.975
-0.675      1.2835       0.975
-0.525      1.2443       0.975
-0.375      1.2112       0.975
-0.225      1.1836       0.975
-0.075       1.161       0.975
0.075       1.143       0.975
0.225      1.1297       0.975
0.375      1.1211       0.975
0.525      1.1174       0.975
0.675      1.1191       0.975
0.825       1.127       0.975
0.975       1.142       0.975
1.125      1.1658       0.975
1.275      1.2006       0.975
1.425      1.2494       0.975
1.575      1.3166       0.975
1.725      1.4078       0.975
1.875      1.5296       0.975
2.025      1.6889       0.975
2.175       1.892       0.975
2.325      2.1449       0.975
2.475       2.454       0.975
2.625      2.8267       0.975
2.775      3.2717       0.975
2.925      3.7992       0.975
3.075      4.4214       0.975
-2.775       4.592       1.125
-2.625      4.0352       1.125
-2.475      3.5607       1.125
-2.325      3.1578       1.125
-2.175      2.8176       1.125
-2.025      2.5324       1.125
-1.875      2.2953       1.125
-1.725      2.1001       1.125
-1.575      1.9407       1.125
-1.425      1.8112       1.125
-1.275       1.706       1.125
-1.125        1.62       1.125
-0.975      1.5493       1.125
-0.825      1.4905       1.125
-0.675      1.4414       1.125
-0.525      1.4002       1.125
-0.375      1.3656       1.125
-0.225      1.3369       1.125
-0.075      1.3135       1.125
0.075       1.295       1.125
0.225      1.2813       1.125
0.375      1.2724       1.125
0.525      1.2687       1.125
0.675      1.2707       1.125
0.825      1.2792       1.125
0.975      1.2955       1.125
1.125      1.3214       1.125
1.275        1.36       1.125
1.425      1.4152       1.125
1.575      1.4933       1.125
1.725      1.6018       1.125
1.875      1.7489       1.125
2.025      1.9416       1.125
2.175      2.1861       1.125
2.325      2.4885       1.125
2.475      2.8557       1.125
2.625      3.2962       1.125
2.775        3.82       1.125
2.925      4.4391       1.125
-2.625      4.6117       1.275
-2.475      4.0583       1.275
-2.325      3.5876       1.275
-2.175      3.1894       1.275
-2.025      2.8547       1.275
-1.875      2.5759       1.275
-1.725      2.3465       1.275
-1.575      2.1599       1.275
-1.425      2.0099       1.275
-1.275        1.89       1.275
-1.125      1.7938       1.275
-0.975      1.7161       1.275
-0.825      1.6526       1.275
-0.675      1.6001       1.275
-0.525      1.5566       1.275
-0.375      1.5204       1.275
-0.225      1.4905       1.275
-0.075      1.4662       1.275
0.075      1.4471       1.275
0.225      1.4329       1.275
0.375      1.4238       1.275
0.525      1.4201       1.275
0.675      1.4224       1.275
0.825      1.4316       1.275
0.975      1.4494       1.275
1.125      1.4781       1.275
1.275      1.5215       1.275
1.425      1.5858       1.275
1.575      1.6795       1.275
1.725      1.8124       1.275
1.875      1.9933       1.275
2.025      2.2284       1.275
2.175      2.5236       1.275
2.325      2.8851       1.275
2.475       3.321       1.275
2.625       3.841       1.275
2.775       4.457       1.275
-2.475      4.6316       1.425
-2.325      4.0815       1.425
-2.175      3.6149       1.425
-2.025      3.2214       1.425
-1.875      2.8924       1.425
-1.725      2.6207       1.425
-1.575      2.3995       1.425
-1.425      2.2225       1.425
-1.275      2.0827       1.425
-1.125      1.9728       1.425
-0.975       1.886       1.425
-0.825      1.8164       1.425
-0.675        1.76       1.425
-0.525      1.7137       1.425
-0.375      1.6757       1.425
-0.225      1.6444       1.425
-0.075      1.6191       1.425
0.075      1.5992       1.425
0.225      1.5846       1.425
0.375      1.5753       1.425
0.525      1.5716       1.425
0.675      1.5742       1.425
0.825      1.5843       1.425
0.975      1.6039       1.425
1.125      1.6361       1.425
1.275      1.6865       1.425
1.425       1.764       1.425
1.575      1.8806       1.425
1.725      2.0476       1.425
1.875      2.2722       1.425
2.025      2.5594       1.425
2.175      2.9149       1.425
2.325       3.346       1.425
2.475      3.8621       1.425
2.625      4.4749       1.425
-2.325      4.6516       1.575
-2.175       4.105       1.575
-2.025      3.6424       1.575
-1.875      3.2539       1.575
-1.725      2.9311       1.575
-1.575      2.6668       1.575
-1.425      2.4548       1.575
-1.275      2.2882       1.575
-1.125      2.1595       1.575
-0.975      2.0603       1.575
-0.825      1.9828       1.575
-0.675      1.9213       1.575
-0.525      1.8717       1.575
-0.375      1.8314       1.575
-0.225      1.7986       1.575
-0.075      1.7722       1.575
0.075      1.7515       1.575
0.225      1.7364       1.575
0.375      1.7268       1.575
0.525      1.7232       1.575
0.675      1.7262       1.575
0.825      1.7374       1.575
0.975      1.7593       1.575
1.125      1.7963       1.575
1.275       1.857       1.575
1.425       1.955       1.575
1.575      2.1055       1.575
1.725      2.3178       1.575
1.875      2.5962       1.575
2.025      2.9452       1.575
2.175      3.3712       1.575
2.325      3.8834       1.575
2.475      4.4929       1.575
-2.175      4.6718       1.725
-2.025      4.1286       1.725
-1.875      3.6703       1.725
-1.725       3.287       1.725
-1.575      2.9707       1.725
-1.425      2.7146       1.725
-1.275      2.5127       1.725
-1.125      2.3578       1.725
-0.975      2.2411       1.725
-0.825      2.1527       1.725
-0.675      2.0845       1.725
-0.525      2.0308       1.725
-0.375      1.9877       1.725
-0.225      1.9531       1.725
-0.075      1.9255       1.725
0.075       1.904       1.725
0.225      1.8883       1.725
0.375      1.8785       1.725
0.525      1.8748       1.725
0.675      1.8784       1.725
0.825      1.8909       1.725
0.975      1.9159       1.725
1.125      1.9602       1.725
1.275      2.0376       1.725
1.425      2.1681       1.725
1.575      2.3656       1.725
1.725       2.634       1.725
1.875       2.976       1.725
2.025      3.3968       1.725
2.175      3.9048       1.725
2.325       4.511       1.725
-2.025       4.692       1.875
-1.875      4.1525       1.875
-1.725      3.6985       1.875
-1.575      3.3207       1.875
-1.425      3.0114       1.875
-1.275      2.7644       1.875
-1.125      2.5738       1.875
-0.975      2.4319       1.875
-0.825      2.3278       1.875
-0.675      2.2505       1.875
-0.525      2.1913       1.875
-0.375      2.1449       1.875
-0.225      2.1081       1.875
-0.075       2.079       1.875
0.075      2.0566       1.875
0.225      2.0403       1.875
0.375      2.0301       1.875
0.525      2.0266       1.875
0.675      2.0308       1.875
0.825      2.0451       1.875
0.975      2.0746       1.875
1.125      2.1309       1.875
1.275      2.2373       1.875
1.425      2.4163       1.875
1.575       2.673       1.875
1.725      3.0073       1.875
1.875      3.4226       1.875
2.025      3.9264       1.875
2.175      4.5292       1.875
-1.875      4.7124       2.025
-1.725      4.1765       2.025
-1.575      3.7271       2.025
-1.425      3.3551       2.025
-1.275      3.0534       2.025
-1.125      2.8166       2.025
-0.975       2.639       2.025
-0.825      2.5114       2.025
-0.675      2.4204       2.025
-0.525      2.3537       2.025
-0.375      2.3031       2.025
-0.225      2.2637       2.025
-0.075      2.2329       2.025
0.075      2.2094       2.025
0.225      2.1924       2.025
0.375      2.1819       2.025
0.525      2.1785       2.025
0.675      2.1836       2.025
0.825      2.2004       2.025
0.975      2.2372       2.025
1.125      2.3162       2.025
1.275      2.4711       2.025
1.425      2.7136       2.025
1.575      3.0393       2.025
1.725      3.4488       2.025
1.875      3.9482       2.025
2.025      4.5475       2.025
-1.725      4.7329       2.175
-1.575      4.2008       2.175
-1.425      3.7561       2.175
-1.275      3.3903       2.175
-1.125      3.0969       2.175
-0.975      2.8717       2.175
-0.825       2.709       2.175
-0.675       2.597       2.175
-0.525      2.5192       2.175
-0.375      2.4627       2.175
-0.225      2.4199       2.175
-0.075      2.3872       2.175
0.075      2.3624       2.175
0.225      2.3447       2.175
0.375      2.3338       2.175
0.525      2.3306       2.175
0.675      2.3368       2.175
0.825      2.3574       2.175
0.975      2.4087       2.175
1.125      2.5324       2.175
1.275      2.7563       2.175
1.425      3.0721       2.175
1.575      3.4753       2.175
1.725      3.9701       2.175
1.875      4.5659       2.175
-1.575      4.7536       2.325
-1.425      4.2253       2.325
-1.275      3.7856       2.325
-1.125      3.4263       2.325
-0.975      3.1424       2.325
-0.825      2.9307       2.325
-0.675      2.7851       2.325
-0.525      2.6895       2.325
-0.375      2.6243       2.325
-0.225      2.5772       2.325
-0.075      2.5419       2.325
0.075      2.5157       2.325
0.225      2.4971       2.325
0.375      2.4859       2.325
0.525      2.4829       2.325
0.675      2.4908       2.325
0.825      2.5185       2.325
0.975      2.6043       2.325
1.125      2.8019       2.325
1.275      3.1058       2.325
1.425      3.5022       2.325
1.575      3.9923       2.325
1.725      4.5844       2.325
-1.425      4.7744       2.475
-1.275      4.2501       2.475
-1.125      3.8156       2.475
-0.975      3.4635       2.475
-0.825      3.1902       2.475
-0.675      2.9946       2.475
-0.525      2.8685       2.475
-0.375      2.7893       2.475
-0.225      2.7358       2.475
-0.075      2.6974       2.475
0.075      2.6693       2.475
0.225      2.6496       2.475
0.375      2.6381       2.475
0.525      2.6356       2.475
0.675      2.6461       2.475
0.825      2.6932       2.475
0.975      2.8526       2.475
1.125      3.1407       2.475
1.275      3.5295       2.475
1.425      4.0146       2.475
1.575       4.603       2.475
-1.275      4.7953       2.625
-1.125      4.2752       2.625
-0.975      3.8461       2.625
-0.825      3.5019       2.625
-0.675      3.2413       2.625
-0.525      3.0652       2.625
-0.375      2.9603       2.625
-0.225      2.8966       2.625
-0.075      2.8537       2.625
0.075      2.8233       2.625
0.225      2.8024       2.625
0.375      2.7905       2.625
0.525      2.7886       2.625
0.675      2.8056       2.625
0.825      2.9127       2.625
0.975      3.1773       2.625
1.125      3.5573       2.625
1.275      4.0371       2.625
1.425      4.6218       2.625
-1.125      4.8164       2.775
-0.975      4.3005       2.775
-0.825      3.8773       2.775
-0.675      3.5419       2.775
-0.525      3.2967       2.775
-0.375      3.1443       2.775
-0.225      3.0611       2.775
-0.075      3.0113       2.775
0.075      2.9778       2.775
0.225      2.9555       2.775
0.375      2.9431       2.775
0.525      2.9417       2.775
0.675      2.9917       2.775
0.825      3.2167       2.775
0.975      3.5857       2.775
1.125      4.0599       2.775
1.275      4.6406       2.775
-0.975      4.8377       2.925
-0.825      4.3262       2.925
-0.675      3.9092       2.925
-0.525      3.5841       2.925
-0.375      3.3586       2.925
-0.225      3.2339       2.925
-0.075       3.171       2.925
0.075      3.1332       2.925
0.225       3.109       2.925
0.375      3.0955       2.925
0.525      3.1019       2.925
0.675      3.2621       2.925
0.825      3.6149       2.925
0.975       4.083       2.925
1.125      4.6596       2.925
-0.825      4.8592       3.075
-0.675      4.3523       3.075
-0.525       3.942       3.075
-0.375      3.6294       3.075
-0.225      3.4296       3.075
-0.075      3.3353       3.075
0.075      3.2897       3.075
0.225      3.2628       3.075
0.375      3.2462       3.075
0.525      3.3223       3.075
0.675      3.6452       3.075
0.825      4.1063       3.075
0.975      4.6787       3.075
-0.675      4.8808       3.225
-0.525      4.3787       3.225
-0.375       3.976       3.225
-0.225      3.6795       3.225
-0.075      3.5134       3.225
0.075      3.4484       3.225
0.225      3.4156       3.225
0.375      3.4176       3.225
0.525      3.6778       3.225
0.675        4.13       3.225
0.825      4.6979       3.225
-0.525      4.9026       3.375
-0.375      4.4056       3.375
-0.225      4.0117       3.375
-0.075      3.7375       3.375
0.075      3.6128       3.375
0.225      3.5662       3.375
0.375      3.7173       3.375
0.525       4.154       3.375
0.675      4.7173       3.375
-0.375      4.9246       3.525
-0.225      4.4331       3.525
-0.075      4.0499       3.525
0.075      3.8048       3.525
0.225      3.7816       3.525
0.375      4.1787       3.525
0.525      4.7368       3.525
-0.225      4.9469       3.675
-0.075      4.4612       3.675
0.075      4.0849       3.675
0.225      4.2015       3.675
0.375      4.7565       3.675
-0.075      4.9693       3.825
0.075      4.4841       3.825
0.225       4.772       3.825
0.075      4.9907       3.975

